[gd_resource type="Skin" format=3 uid="uid://sfipwq4wjtm5"]

[resource]
resource_name = "Skin"
bind_count = 60
bind/0/name = &"mixamorig_Spine2"
bind/0/bone = -1
bind/0/pose = Transform3D(1, 0, 0, 0, 0.999052, -0.0435295, 0, 0.0435295, 0.999052, -1.297e-06, -1.30926, -0.0597453)
bind/1/name = &"mixamorig_Neck"
bind/1/bone = -1
bind/1/pose = Transform3D(1, 0, 0, 0, 1, 0, 0, 0, 1, -1.297e-06, -1.45901, 0.00376821)
bind/2/name = &"mixamorig_Head"
bind/2/bone = -1
bind/2/pose = Transform3D(1, 0, 0, 0, 1, 0, 0, 0, 1, -1.297e-06, -1.53283, -0.0178932)
bind/3/name = &"mixamorig_HeadTop_End"
bind/3/bone = -1
bind/3/pose = Transform3D(1, 0, 0, 0, 1, 0, 0, 0, 1, -1.297e-06, -1.74633, -0.0805445)
bind/4/name = &"mixamorig_LeftShoulder"
bind/4/bone = -1
bind/4/pose = Transform3D(-0.0165627, -0.0435242, -0.998915, 0.944322, -0.32902, -0.00132163, -0.328605, -0.943319, 0.0465503, 0.059738, 0.418874, 1.37649)
bind/5/name = &"mixamorig_LeftForeArm"
bind/5/bone = -1
bind/5/pose = Transform3D(0.0238319, -0.0290093, -0.999295, 0.997947, 0.0601291, 0.0220542, 0.0594469, -0.997769, 0.0303828, 0.00900608, -0.461237, 1.35373)
bind/6/name = &"mixamorig_LeftHand"
bind/6/bone = -1
bind/6/pose = Transform3D(0.0627216, -0.0337531, -0.99746, 0.996658, -0.0502917, 0.0643729, -0.0523367, -0.998164, 0.0304859, -0.00979637, -0.581047, 1.42744)
bind/7/name = &"mixamorig_LeftHandThumb1"
bind/7/bone = -1
bind/7/pose = Transform3D(0.590992, -0.0555665, -0.804761, 0.752193, -0.322458, 0.574653, -0.291433, -0.944951, -0.148773, -0.313693, -0.074414, 1.50682)
bind/8/name = &"mixamorig_LeftHandThumb2"
bind/8/bone = -1
bind/8/pose = Transform3D(0.590992, -0.0555665, -0.804761, 0.728696, -0.391151, 0.562141, -0.34602, -0.918647, -0.190676, -0.307036, 0.00385032, 1.51063)
bind/9/name = &"mixamorig_LeftHandThumb3"
bind/9/bone = -1
bind/9/pose = Transform3D(0.590992, -0.0555665, -0.804761, 0.738564, -0.363945, 0.567509, -0.324424, -0.929761, -0.17405, -0.30858, -0.071706, 1.50917)
bind/10/name = &"mixamorig_LeftHandThumb4"
bind/10/bone = -1
bind/10/pose = Transform3D(0.590992, -0.0555665, -0.804761, 0.738564, -0.363945, 0.567509, -0.324424, -0.929761, -0.174049, -0.313693, -0.0970713, 1.50917)
bind/11/name = &"mixamorig_LeftHandIndex1"
bind/11/bone = -1
bind/11/pose = Transform3D(0.112673, -0.0362351, -0.992971, 0.989461, -0.0873825, 0.115464, -0.0909521, -0.995516, 0.0260076, -0.0108339, -0.615425, 1.4517)
bind/12/name = &"mixamorig_LeftHandIndex2"
bind/12/bone = -1
bind/12/pose = Transform3D(0.112673, -0.0362351, -0.992971, 0.963827, -0.238942, 0.118086, -0.241541, -0.970358, 0.00800205, -0.0108886, -0.415638, 1.53353)
bind/13/name = &"mixamorig_LeftHandIndex3"
bind/13/bone = -1
bind/13/pose = Transform3D(0.112673, -0.0362351, -0.992971, 0.973304, -0.197084, 0.117634, -0.199962, -0.979717, 0.0130616, -0.0108482, -0.509197, 1.51308)
bind/14/name = &"mixamorig_LeftHandIndex4"
bind/14/bone = -1
bind/14/pose = Transform3D(0.112673, -0.0362351, -0.992971, 0.973304, -0.197084, 0.117634, -0.199962, -0.979717, 0.0130616, -0.0108339, -0.533915, 1.51308)
bind/15/name = &"mixamorig_LeftHandMiddle1"
bind/15/bone = -1
bind/15/pose = Transform3D(0.0257075, -0.0318643, -0.999162, 0.997076, -0.0711318, 0.0279223, -0.0719619, -0.996958, 0.0299425, 0.0242531, -0.644685, 1.44187)
bind/16/name = &"mixamorig_LeftHandMiddle2"
bind/16/bone = -1
bind/16/pose = Transform3D(0.0257075, -0.0318643, -0.999162, 0.961263, -0.273596, 0.0334576, -0.274433, -0.961317, 0.0235965, 0.0242253, -0.367718, 1.54989)
bind/17/name = &"mixamorig_LeftHandMiddle3"
bind/17/bone = -1
bind/17/pose = Transform3D(0.0257075, -0.0318643, -0.999162, 0.960206, -0.277272, 0.0335477, -0.278109, -0.960263, 0.0234683, 0.0242397, -0.391623, 1.5514)
bind/18/name = &"mixamorig_LeftHandMiddle4"
bind/18/bone = -1
bind/18/pose = Transform3D(0.0257075, -0.0318643, -0.999162, 0.960206, -0.277272, 0.0335477, -0.278109, -0.960263, 0.0234683, 0.0242531, -0.418408, 1.5514)
bind/19/name = &"mixamorig_LeftHandRing1"
bind/19/bone = -1
bind/19/pose = Transform3D(-0.0481938, -0.0279676, -0.998446, 0.994498, -0.0944273, -0.0453582, -0.093012, -0.995139, 0.0323646, 0.0541811, -0.610903, 1.45493)
bind/20/name = &"mixamorig_LeftHandRing2"
bind/20/bone = -1
bind/20/pose = Transform3D(-0.0481938, -0.0279676, -0.998446, 0.953369, -0.29945, -0.0376301, -0.297933, -0.953702, 0.0410951, 0.0542006, -0.321955, 1.556)
bind/21/name = &"mixamorig_LeftHandRing3"
bind/21/bone = -1
bind/21/pose = Transform3D(-0.0481938, -0.0279676, -0.998446, 0.970998, -0.235673, -0.0402674, -0.234181, -0.97143, 0.0385145, 0.0541853, -0.450943, 1.5295)
bind/22/name = &"mixamorig_LeftHandRing4"
bind/22/bone = -1
bind/22/pose = Transform3D(-0.0481938, -0.0279676, -0.998446, 0.970998, -0.235673, -0.0402674, -0.234181, -0.97143, 0.0385145, 0.0541811, -0.474893, 1.5295)
bind/23/name = &"mixamorig_LeftHandPinky1"
bind/23/bone = -1
bind/23/pose = Transform3D(-0.0277681, -0.0290614, -0.999192, 0.996342, -0.08162, -0.025315, -0.0808183, -0.99624, 0.0312215, 0.0195256, -0.62573, 1.44487)
bind/24/name = &"mixamorig_LeftHandPinky2"
bind/24/bone = -1
bind/24/pose = Transform3D(-0.0277681, -0.0290614, -0.999192, 0.968129, -0.249681, -0.0196429, -0.248908, -0.967892, 0.0350683, 0.0195298, -0.395367, 1.53434)
bind/25/name = &"mixamorig_LeftHandPinky3"
bind/25/bone = -1
bind/25/pose = Transform3D(-0.0277681, -0.0290614, -0.999192, 0.986291, -0.163455, -0.0226555, -0.162665, -0.986123, 0.0332018, 0.0195252, -0.549602, 1.49173)
bind/26/name = &"mixamorig_LeftHandPinky4"
bind/26/bone = -1
bind/26/pose = Transform3D(-0.0277681, -0.0290614, -0.999192, 0.986291, -0.163455, -0.0226555, -0.162665, -0.986123, 0.0332018, 0.0195256, -0.567232, 1.49173)
bind/27/name = &"mixamorig_RightShoulder"
bind/27/bone = -1
bind/27/pose = Transform3D(-0.013767, 0.0435255, 0.998957, -0.944322, -0.32902, 0.00132165, 0.328734, -0.943319, 0.0456318, -0.0597398, 0.418886, 1.37648)
bind/28/name = &"mixamorig_RightForeArm"
bind/28/bone = -1
bind/28/pose = Transform3D(0.0305793, 0.026909, 0.99917, -0.997772, 0.0601188, 0.0289175, -0.0592908, -0.997828, 0.0286875, -0.00254503, -0.460974, 1.35386)
bind/29/name = &"mixamorig_RightHand"
bind/29/bone = -1
bind/29/pose = Transform3D(0.0554735, 0.0318918, 0.997951, -0.996933, -0.053492, 0.0571263, 0.0552042, -0.998059, 0.0288266, 0.00677575, -0.576925, 1.42912)
bind/30/name = &"mixamorig_RightHandThumb1"
bind/30/bone = -1
bind/30/pose = Transform3D(0.582711, 0.0556479, 0.810772, -0.760544, -0.314236, 0.56818, 0.286392, -0.947713, -0.140786, 0.307775, -0.0913349, 1.50762)
bind/31/name = &"mixamorig_RightHandThumb2"
bind/31/bone = -1
bind/31/pose = Transform3D(0.582711, 0.0556479, 0.810772, -0.725644, -0.413564, 0.549914, 0.365908, -0.908773, -0.200608, 0.301307, 0.0377713, 1.51222)
bind/32/name = &"mixamorig_RightHandThumb3"
bind/32/bone = -1
bind/32/pose = Transform3D(0.582711, 0.0556479, 0.810772, -0.739365, -0.3778, 0.557321, 0.337323, -0.924213, -0.179004, 0.30201, -0.0524336, 1.51133)
bind/33/name = &"mixamorig_RightHandThumb4"
bind/33/bone = -1
bind/33/pose = Transform3D(0.582711, 0.0556479, 0.810772, -0.739365, -0.3778, 0.557321, 0.337323, -0.924213, -0.179004, 0.307775, -0.0781589, 1.51133)
bind/34/name = &"mixamorig_RightHandIndex1"
bind/34/bone = -1
bind/34/pose = Transform3D(0.0502875, 0.0316131, 0.998234, -0.996074, -0.071329, 0.0524376, 0.0728608, -0.996952, 0.027902, -0.030233, -0.64152, 1.43941)
bind/35/name = &"mixamorig_RightHandIndex2"
bind/35/bone = -1
bind/35/pose = Transform3D(0.0502875, 0.0316131, 0.998234, -0.972383, -0.226536, 0.0561593, 0.227911, -0.97349, 0.0193481, -0.0301856, -0.438269, 1.52686)
bind/36/name = &"mixamorig_RightHandIndex3"
bind/36/bone = -1
bind/36/pose = Transform3D(0.0502875, 0.0316131, 0.998234, -0.927395, -0.369494, 0.0584204, 0.370689, -0.928695, 0.0107369, -0.0301901, -0.232799, 1.57939)
bind/37/name = &"mixamorig_RightHandIndex4"
bind/37/bone = -1
bind/37/pose = Transform3D(0.0502875, 0.0316131, 0.998234, -0.927395, -0.369494, 0.0584204, 0.370689, -0.928695, 0.0107369, -0.030233, -0.256106, 1.57939)
bind/38/name = &"mixamorig_RightHandMiddle1"
bind/38/bone = -1
bind/38/pose = Transform3D(0.0124577, 0.0295568, 0.999485, -0.996405, -0.0833984, 0.0148855, 0.0837955, -0.996078, 0.0284116, -0.0312728, -0.627439, 1.44982)
bind/39/name = &"mixamorig_RightHandMiddle2"
bind/39/bone = -1
bind/39/pose = Transform3D(0.0124577, 0.0295568, 0.999485, -0.964447, -0.263534, 0.0198142, 0.263984, -0.964197, 0.025223, -0.0312501, -0.384611, 1.5458)
bind/40/name = &"mixamorig_RightHandMiddle3"
bind/40/bone = -1
bind/40/pose = Transform3D(0.0124577, 0.0295568, 0.999485, -0.972713, -0.231236, 0.0189621, 0.231677, -0.972449, 0.0258696, -0.0312654, -0.465834, 1.53112)
bind/41/name = &"mixamorig_RightHandMiddle4"
bind/41/bone = -1
bind/41/pose = Transform3D(0.0124577, 0.0295568, 0.999485, -0.972713, -0.231236, 0.0189621, 0.231677, -0.972449, 0.0258696, -0.0312728, -0.492472, 1.53112)
bind/42/name = &"mixamorig_RightHandRing1"
bind/42/bone = -1
bind/42/pose = Transform3D(-0.0217331, 0.0276627, 0.999381, -0.997735, -0.0642546, -0.0199187, 0.0636638, -0.99755, 0.0289964, -0.0337903, -0.656994, 1.43526)
bind/43/name = &"mixamorig_RightHandRing2"
bind/43/bone = -1
bind/43/pose = Transform3D(-0.0217331, 0.0276627, 0.999381, -0.948245, -0.317318, -0.0118377, 0.316794, -0.947916, 0.0331273, -0.0337633, -0.294149, 1.5625)
bind/44/name = &"mixamorig_RightHandRing3"
bind/44/bone = -1
bind/44/pose = Transform3D(-0.0217331, 0.0276627, 0.999381, -0.915242, -0.40281, -0.00875362, 0.402319, -0.914865, 0.0340723, -0.0337633, -0.175384, 1.58523)
bind/45/name = &"mixamorig_RightHandRing4"
bind/45/bone = -1
bind/45/pose = Transform3D(-0.0217331, 0.0276627, 0.999381, -0.915242, -0.40281, -0.00875362, 0.402319, -0.914865, 0.0340723, -0.0337903, -0.197328, 1.58523)
bind/46/name = &"mixamorig_RightHandPinky1"
bind/46/bone = -1
bind/46/pose = Transform3D(-0.0110641, 0.0282573, 0.999539, -0.996919, -0.0779338, -0.00883188, 0.0776484, -0.996558, 0.0290326, -0.00594528, -0.631226, 1.44268)
bind/47/name = &"mixamorig_RightHandPinky2"
bind/47/bone = -1
bind/47/pose = Transform3D(-0.0110641, 0.0282573, 0.999539, -0.969327, -0.245744, -0.0037824, 0.245524, -0.968923, 0.0301096, -0.00593776, -0.401767, 1.53298)
bind/48/name = &"mixamorig_RightHandPinky3"
bind/48/bone = -1
bind/48/pose = Transform3D(-0.0110641, 0.0282573, 0.999539, -0.973634, -0.228076, -0.00432956, 0.227848, -0.973233, 0.0300358, -0.00594239, -0.449987, 1.52504)
bind/49/name = &"mixamorig_RightHandPinky4"
bind/49/bone = -1
bind/49/pose = Transform3D(-0.0110641, 0.0282573, 0.999539, -0.973634, -0.228076, -0.00432956, 0.227848, -0.973233, 0.0300358, -0.00594528, -0.467026, 1.52504)
bind/50/name = &"mixamorig_LeftUpLeg"
bind/50/bone = -1
bind/50/pose = Transform3D(-0.99532, -0.096514, -0.00482462, 0.0966345, -0.994079, -0.0496928, 5.13461e-11, -0.0499265, 0.998753, 0.179477, 0.89582, 0.0328382)
bind/51/name = &"mixamorig_LeftLeg"
bind/51/bone = -1
bind/51/pose = Transform3D(-0.998949, -0.0457709, -0.00228803, 0.0458195, -0.998481, -0.0305851, -0.00088465, -0.0306578, 0.99953, 0.15579, 0.469708, 0.0237756)
bind/52/name = &"mixamorig_LeftFoot"
bind/52/bone = -1
bind/52/pose = Transform3D(-0.998853, -0.0462192, 0.0124919, 0.0354292, -0.538051, 0.842167, -0.032203, 0.841644, 0.539071, 0.157776, 0.086153, -0.0666498)
bind/53/name = &"mixamorig_LeftToeBase"
bind/53/bone = -1
bind/53/pose = Transform3D(-0.999347, -0.0130903, 0.0336783, 0.0337367, -0.00426002, 0.999422, -0.0129392, 0.999905, 0.00469886, 0.154043, -0.0909294, -0.00872303)
bind/54/name = &"mixamorig_LeftToe_End"
bind/54/bone = -1
bind/54/pose = Transform3D(-0.999347, -0.0130903, 0.0336783, 0.0337367, -0.00426002, 0.999422, -0.0129392, 0.999905, 0.00469886, 0.154043, -0.140441, -0.00872303)
bind/55/name = &"mixamorig_RightUpLeg"
bind/55/bone = -1
bind/55/pose = Transform3D(-0.99532, 0.0965166, 0.00479846, -0.0966358, -0.994092, -0.0494227, 2.48058e-10, -0.0496551, 0.998766, -0.179479, 0.895858, 0.0319889)
bind/56/name = &"mixamorig_RightLeg"
bind/56/bone = -1
bind/56/pose = Transform3D(-0.99895, 0.0457483, 0.00227444, -0.045803, -0.998116, -0.0408238, 0.000402536, -0.0408851, 0.999164, -0.155778, 0.469473, 0.0278642)
bind/57/name = &"mixamorig_RightFoot"
bind/57/bone = -1
bind/57/pose = Transform3D(-0.998852, 0.0463351, -0.0121822, -0.0349497, -0.530781, 0.846788, 0.0327699, 0.846241, 0.531791, -0.157774, 0.0856067, -0.067349)
bind/58/name = &"mixamorig_RightToeBase"
bind/58/bone = -1
bind/58/pose = Transform3D(-0.999353, 0.0114073, -0.0340962, -0.0341479, -0.00436162, 0.999407, 0.0112518, 0.999925, 0.00474833, -0.154032, -0.0896926, -0.0089814)
bind/59/name = &"mixamorig_RightToe_End"
bind/59/bone = -1
bind/59/pose = Transform3D(-0.999353, 0.0114073, -0.0340962, -0.0341479, -0.00436162, 0.999407, 0.0112518, 0.999925, 0.00474833, -0.154032, -0.138611, -0.0089814)
