[gd_resource type="Skin" format=3 uid="uid://dkfxay5scmj8u"]

[resource]
resource_name = "Skin4"
bind_count = 30
bind/0/name = &"mixamorig_Hips"
bind/0/bone = -1
bind/0/pose = Transform3D(1, 0, 0, 0, 1, 0, 0, 0, 1, -1.297e-06, -0.964366, -0.0177838)
bind/1/name = &"mixamorig_Spine"
bind/1/bone = -1
bind/1/pose = Transform3D(1, 0, 0, 0, 0.999052, -0.0435295, 0, 0.0435295, 0.999052, -1.297e-06, -1.0617, -0.0597453)
bind/2/name = &"mixamorig_Spine1"
bind/2/bone = -1
bind/2/pose = Transform3D(1, 0, 0, 0, 0.999052, -0.0435295, 0, 0.0435295, 0.999052, -1.297e-06, -1.17723, -0.0597453)
bind/3/name = &"mixamorig_Spine2"
bind/3/bone = -1
bind/3/pose = Transform3D(1, 0, 0, 0, 0.999052, -0.0435295, 0, 0.0435295, 0.999052, -1.297e-06, -1.30926, -0.0597453)
bind/4/name = &"mixamorig_Neck"
bind/4/bone = -1
bind/4/pose = Transform3D(1, 0, 0, 0, 1, 0, 0, 0, 1, -1.297e-06, -1.45901, 0.00376821)
bind/5/name = &"mixamorig_Head"
bind/5/bone = -1
bind/5/pose = Transform3D(1, 0, 0, 0, 1, 0, 0, 0, 1, -1.297e-06, -1.53283, -0.0178932)
bind/6/name = &"mixamorig_LeftShoulder"
bind/6/bone = -1
bind/6/pose = Transform3D(-0.0165627, -0.0435242, -0.998915, 0.944322, -0.32902, -0.00132163, -0.328605, -0.943319, 0.0465503, 0.059738, 0.418874, 1.37649)
bind/7/name = &"mixamorig_LeftArm"
bind/7/bone = -1
bind/7/pose = Transform3D(-0.0884221, -0.0183439, -0.995914, 0.991661, -0.0957303, -0.0862812, -0.0937564, -0.995238, 0.0266556, 0.0369875, -0.0383363, 1.40832)
bind/8/name = &"mixamorig_LeftForeArm"
bind/8/bone = -1
bind/8/pose = Transform3D(0.0238319, -0.0290093, -0.999295, 0.997947, 0.0601291, 0.0220542, 0.0594469, -0.997769, 0.0303828, 0.00900608, -0.461237, 1.35373)
bind/9/name = &"mixamorig_LeftHand"
bind/9/bone = -1
bind/9/pose = Transform3D(0.0627216, -0.0337531, -0.99746, 0.996658, -0.0502917, 0.0643729, -0.0523367, -0.998164, 0.0304859, -0.00979637, -0.581047, 1.42744)
bind/10/name = &"mixamorig_LeftHandThumb1"
bind/10/bone = -1
bind/10/pose = Transform3D(0.590992, -0.0555665, -0.804761, 0.752193, -0.322458, 0.574653, -0.291433, -0.944951, -0.148773, -0.313693, -0.074414, 1.50682)
bind/11/name = &"mixamorig_LeftHandThumb2"
bind/11/bone = -1
bind/11/pose = Transform3D(0.590992, -0.0555665, -0.804761, 0.728696, -0.391151, 0.562141, -0.34602, -0.918647, -0.190676, -0.307036, 0.00385032, 1.51063)
bind/12/name = &"mixamorig_LeftHandThumb3"
bind/12/bone = -1
bind/12/pose = Transform3D(0.590992, -0.0555665, -0.804761, 0.738564, -0.363945, 0.567509, -0.324424, -0.929761, -0.17405, -0.30858, -0.071706, 1.50917)
bind/13/name = &"mixamorig_LeftHandIndex1"
bind/13/bone = -1
bind/13/pose = Transform3D(0.112673, -0.0362351, -0.992971, 0.989461, -0.0873825, 0.115464, -0.0909521, -0.995516, 0.0260076, -0.0108339, -0.615425, 1.4517)
bind/14/name = &"mixamorig_LeftHandMiddle1"
bind/14/bone = -1
bind/14/pose = Transform3D(0.0257075, -0.0318643, -0.999162, 0.997076, -0.0711318, 0.0279223, -0.0719619, -0.996958, 0.0299425, 0.0242531, -0.644685, 1.44187)
bind/15/name = &"mixamorig_LeftHandRing1"
bind/15/bone = -1
bind/15/pose = Transform3D(-0.0481938, -0.0279676, -0.998446, 0.994498, -0.0944273, -0.0453582, -0.093012, -0.995139, 0.0323646, 0.0541811, -0.610903, 1.45493)
bind/16/name = &"mixamorig_LeftHandPinky1"
bind/16/bone = -1
bind/16/pose = Transform3D(-0.0277681, -0.0290614, -0.999192, 0.996342, -0.08162, -0.025315, -0.0808183, -0.99624, 0.0312215, 0.0195256, -0.62573, 1.44487)
bind/17/name = &"mixamorig_RightShoulder"
bind/17/bone = -1
bind/17/pose = Transform3D(-0.013767, 0.0435255, 0.998957, -0.944322, -0.32902, 0.00132165, 0.328734, -0.943319, 0.0456318, -0.0597398, 0.418886, 1.37648)
bind/18/name = &"mixamorig_RightArm"
bind/18/bone = -1
bind/18/pose = Transform3D(-0.0952489, 0.0149553, 0.995341, -0.991022, -0.0956684, -0.0933981, 0.0938259, -0.995301, 0.0239333, -0.0339164, -0.0382928, 1.40839)
bind/19/name = &"mixamorig_RightForeArm"
bind/19/bone = -1
bind/19/pose = Transform3D(0.0305793, 0.026909, 0.99917, -0.997772, 0.0601188, 0.0289175, -0.0592908, -0.997828, 0.0286875, -0.00254503, -0.460974, 1.35386)
bind/20/name = &"mixamorig_RightHand"
bind/20/bone = -1
bind/20/pose = Transform3D(0.0554735, 0.0318918, 0.997951, -0.996933, -0.053492, 0.0571263, 0.0552042, -0.998059, 0.0288266, 0.00677575, -0.576925, 1.42912)
bind/21/name = &"mixamorig_RightHandThumb1"
bind/21/bone = -1
bind/21/pose = Transform3D(0.582711, 0.0556479, 0.810772, -0.760544, -0.314236, 0.56818, 0.286392, -0.947713, -0.140786, 0.307775, -0.0913349, 1.50762)
bind/22/name = &"mixamorig_RightHandThumb2"
bind/22/bone = -1
bind/22/pose = Transform3D(0.582711, 0.0556479, 0.810772, -0.725644, -0.413564, 0.549914, 0.365908, -0.908773, -0.200608, 0.301307, 0.0377713, 1.51222)
bind/23/name = &"mixamorig_RightHandThumb3"
bind/23/bone = -1
bind/23/pose = Transform3D(0.582711, 0.0556479, 0.810772, -0.739365, -0.3778, 0.557321, 0.337323, -0.924213, -0.179004, 0.30201, -0.0524336, 1.51133)
bind/24/name = &"mixamorig_RightHandIndex1"
bind/24/bone = -1
bind/24/pose = Transform3D(0.0502875, 0.0316131, 0.998234, -0.996074, -0.071329, 0.0524376, 0.0728608, -0.996952, 0.027902, -0.030233, -0.64152, 1.43941)
bind/25/name = &"mixamorig_RightHandMiddle1"
bind/25/bone = -1
bind/25/pose = Transform3D(0.0124577, 0.0295568, 0.999485, -0.996405, -0.0833984, 0.0148855, 0.0837955, -0.996078, 0.0284116, -0.0312728, -0.627439, 1.44982)
bind/26/name = &"mixamorig_RightHandRing1"
bind/26/bone = -1
bind/26/pose = Transform3D(-0.0217331, 0.0276627, 0.999381, -0.997735, -0.0642546, -0.0199187, 0.0636638, -0.99755, 0.0289964, -0.0337903, -0.656994, 1.43526)
bind/27/name = &"mixamorig_RightHandPinky1"
bind/27/bone = -1
bind/27/pose = Transform3D(-0.0110641, 0.0282573, 0.999539, -0.996919, -0.0779338, -0.00883188, 0.0776484, -0.996558, 0.0290326, -0.00594528, -0.631226, 1.44268)
bind/28/name = &"mixamorig_LeftUpLeg"
bind/28/bone = -1
bind/28/pose = Transform3D(-0.99532, -0.096514, -0.00482462, 0.0966345, -0.994079, -0.0496928, 5.13461e-11, -0.0499265, 0.998753, 0.179477, 0.89582, 0.0328382)
bind/29/name = &"mixamorig_RightUpLeg"
bind/29/bone = -1
bind/29/pose = Transform3D(-0.99532, 0.0965166, 0.00479846, -0.0966358, -0.994092, -0.0494227, 2.48058e-10, -0.0496551, 0.998766, -0.179479, 0.895858, 0.0319889)
