[gd_resource type="Skin" format=3 uid="uid://cwvbve0bvoybb"]

[resource]
resource_name = "Skin2"
bind_count = 13
bind/0/name = &"mixamorig_Hips"
bind/0/bone = -1
bind/0/pose = Transform3D(1, 0, 0, 0, 1, 0, 0, 0, 1, -1.297e-06, -0.964366, -0.0177838)
bind/1/name = &"mixamorig_Spine"
bind/1/bone = -1
bind/1/pose = Transform3D(1, 0, 0, 0, 0.999052, -0.0435295, 0, 0.0435295, 0.999052, -1.297e-06, -1.0617, -0.0597453)
bind/2/name = &"mixamorig_Spine1"
bind/2/bone = -1
bind/2/pose = Transform3D(1, 0, 0, 0, 0.999052, -0.0435295, 0, 0.0435295, 0.999052, -1.297e-06, -1.17723, -0.0597453)
bind/3/name = &"mixamorig_LeftUpLeg"
bind/3/bone = -1
bind/3/pose = Transform3D(-0.99532, -0.096514, -0.00482462, 0.0966345, -0.994079, -0.0496928, 5.13461e-11, -0.0499265, 0.998753, 0.179477, 0.89582, 0.0328382)
bind/4/name = &"mixamorig_LeftLeg"
bind/4/bone = -1
bind/4/pose = Transform3D(-0.998949, -0.0457709, -0.00228803, 0.0458195, -0.998481, -0.0305851, -0.00088465, -0.0306578, 0.99953, 0.15579, 0.469708, 0.0237756)
bind/5/name = &"mixamorig_LeftFoot"
bind/5/bone = -1
bind/5/pose = Transform3D(-0.998853, -0.0462192, 0.0124919, 0.0354292, -0.538051, 0.842167, -0.032203, 0.841644, 0.539071, 0.157776, 0.086153, -0.0666498)
bind/6/name = &"mixamorig_LeftToeBase"
bind/6/bone = -1
bind/6/pose = Transform3D(-0.999347, -0.0130903, 0.0336783, 0.0337367, -0.00426002, 0.999422, -0.0129392, 0.999905, 0.00469886, 0.154043, -0.0909294, -0.00872303)
bind/7/name = &"mixamorig_LeftToe_End"
bind/7/bone = -1
bind/7/pose = Transform3D(-0.999347, -0.0130903, 0.0336783, 0.0337367, -0.00426002, 0.999422, -0.0129392, 0.999905, 0.00469886, 0.154043, -0.140441, -0.00872303)
bind/8/name = &"mixamorig_RightUpLeg"
bind/8/bone = -1
bind/8/pose = Transform3D(-0.99532, 0.0965166, 0.00479846, -0.0966358, -0.994092, -0.0494227, 2.48058e-10, -0.0496551, 0.998766, -0.179479, 0.895858, 0.0319889)
bind/9/name = &"mixamorig_RightLeg"
bind/9/bone = -1
bind/9/pose = Transform3D(-0.99895, 0.0457483, 0.00227444, -0.045803, -0.998116, -0.0408238, 0.000402536, -0.0408851, 0.999164, -0.155778, 0.469473, 0.0278642)
bind/10/name = &"mixamorig_RightFoot"
bind/10/bone = -1
bind/10/pose = Transform3D(-0.998852, 0.0463351, -0.0121822, -0.0349497, -0.530781, 0.846788, 0.0327699, 0.846241, 0.531791, -0.157774, 0.0856067, -0.067349)
bind/11/name = &"mixamorig_RightToeBase"
bind/11/bone = -1
bind/11/pose = Transform3D(-0.999353, 0.0114073, -0.0340962, -0.0341479, -0.00436162, 0.999407, 0.0112518, 0.999925, 0.00474833, -0.154032, -0.0896926, -0.0089814)
bind/12/name = &"mixamorig_RightToe_End"
bind/12/bone = -1
bind/12/pose = Transform3D(-0.999353, 0.0114073, -0.0340962, -0.0341479, -0.00436162, 0.999407, 0.0112518, 0.999925, 0.00474833, -0.154032, -0.138611, -0.0089814)
