[gd_resource type="Skin" format=3 uid="uid://ckkt6mol0wmxb"]

[resource]
resource_name = "Skin3"
bind_count = 8
bind/0/name = &"mixamorig_Spine1"
bind/0/bone = -1
bind/0/pose = Transform3D(1, 0, 0, 0, 0.999052, -0.0435295, 0, 0.0435295, 0.999052, -1.297e-06, -1.17723, -0.0597453)
bind/1/name = &"mixamorig_Spine2"
bind/1/bone = -1
bind/1/pose = Transform3D(1, 0, 0, 0, 0.999052, -0.0435295, 0, 0.0435295, 0.999052, -1.297e-06, -1.30926, -0.0597453)
bind/2/name = &"mixamorig_Neck"
bind/2/bone = -1
bind/2/pose = Transform3D(1, 0, 0, 0, 1, 0, 0, 0, 1, -1.297e-06, -1.45901, 0.00376821)
bind/3/name = &"mixamorig_Head"
bind/3/bone = -1
bind/3/pose = Transform3D(1, 0, 0, 0, 1, 0, 0, 0, 1, -1.297e-06, -1.53283, -0.0178932)
bind/4/name = &"mixamorig_LeftShoulder"
bind/4/bone = -1
bind/4/pose = Transform3D(-0.0165627, -0.0435242, -0.998915, 0.944322, -0.32902, -0.00132163, -0.328605, -0.943319, 0.0465503, 0.059738, 0.418874, 1.37649)
bind/5/name = &"mixamorig_LeftArm"
bind/5/bone = -1
bind/5/pose = Transform3D(-0.0884221, -0.0183439, -0.995914, 0.991661, -0.0957303, -0.0862812, -0.0937564, -0.995238, 0.0266556, 0.0369875, -0.0383363, 1.40832)
bind/6/name = &"mixamorig_RightShoulder"
bind/6/bone = -1
bind/6/pose = Transform3D(-0.013767, 0.0435255, 0.998957, -0.944322, -0.32902, 0.00132165, 0.328734, -0.943319, 0.0456318, -0.0597398, 0.418886, 1.37648)
bind/7/name = &"mixamorig_RightArm"
bind/7/bone = -1
bind/7/pose = Transform3D(-0.0952489, 0.0149553, 0.995341, -0.991022, -0.0956684, -0.0933981, 0.0938259, -0.995301, 0.0239333, -0.0339164, -0.0382928, 1.40839)
